hour,iteration,timestamp,reward,actions,price_signal
0,1,2012-01-03,-7.7631361039770175,0.23707893,0.26187187672239
1,1,2012-01-03,-7.7631361039770175,0.00024433513,0.26399094427761
2,1,2012-01-03,-7.7631361039770175,0.0,0.26277955552761
3,1,2012-01-03,-7.7631361039770175,0.32028785,0.26648895899999997
4,1,2012-01-03,-7.7631361039770175,0.0,0.26217489652761
5,1,2012-01-03,-7.7631361039770175,0.30850857,0.26368861477761
6,1,2012-01-03,-7.7631361039770175,0.0,0.26368723425
7,1,2012-01-03,-7.7631361039770175,0.123713516,0.26278162627761
8,1,2012-01-03,-7.7631361039770175,0.00014440206,0.3054691750323
9,1,2012-01-03,-7.7631361039770175,0.025085304,0.2170216005
10,1,2012-01-03,-7.7631361039770175,0.00044695195,0.09613788149999998
11,1,2012-01-03,-7.7631361039770175,0.110652335,-0.05119937596770002
12,1,2012-01-03,-7.7631361039770175,0.38362262,-0.005704180032299977
13,1,2012-01-03,-7.7631361039770175,0.124662146,0.10411065196769999
14,1,2012-01-03,-7.7631361039770175,0.36350563,0.08230120753229998
15,1,2012-01-03,-7.7631361039770175,0.2373697,0.12609597
16,1,2012-01-03,-7.7631361039770175,0.0,0.19740823303229998
17,1,2012-01-03,-7.7631361039770175,0.34133542,0.2142709324677
18,1,2012-01-03,-7.7631361039770175,0.11449984,0.21320826253230002
19,1,2012-01-03,-7.7631361039770175,0.0022018733,0.21338349
20,1,2012-01-03,-7.7631361039770175,0.28936687,0.21551125246769998
21,1,2012-01-03,-7.7631361039770175,0.057109192,0.1825531785
22,1,2012-01-03,-7.7631361039770175,0.047299143,0.25566514875
23,1,2012-01-03,-7.7631361039770175,0.0016357753,0.26754711225
0,2,2012-01-04,-13.392294772346137,0.4351964,0.8702313067239
1,2,2012-01-04,-13.392294772346137,0.0016169695,0.6722379262500001
2,2,2012-01-04,-13.392294772346137,0.0,0.7973464290000001
3,2,2012-01-04,-13.392294772346137,0.1418273,0.58111250175
4,2,2012-01-04,-13.392294772346137,0.0005833944,0.36419798797239
5,2,2012-01-04,-13.392294772346137,0.6223706,0.28412277577760997
6,2,2012-01-04,-13.392294772346137,2.8527991e-05,0.25051864477761
7,2,2012-01-04,-13.392294772346137,0.2443184,0.28056729802761
8,2,2012-01-04,-13.392294772346137,0.0007805252,0.6751182885
9,2,2012-01-04,-13.392294772346137,0.3058155,0.335263341
10,2,2012-01-04,-13.392294772346137,0.1415232,0.7910379823229999
11,2,2012-01-04,-13.392294772346137,0.08726126,0.6071347019999999
12,2,2012-01-04,-13.392294772346137,0.43534574,0.7119443263229999
13,2,2012-01-04,-13.392294772346137,0.37140474,1.4288089110000002
14,2,2012-01-04,-13.392294772346137,0.41470236,1.4484405283230002
15,2,2012-01-04,-13.392294772346137,0.18873009,2.4740942431770003
16,2,2012-01-04,-13.392294772346137,0.0005738441,2.58941994
17,2,2012-01-04,-13.392294772346137,0.6045737,2.608267797177
18,2,2012-01-04,-13.392294772346137,0.17236944,2.532739900323
19,2,2012-01-04,-13.392294772346137,0.000645122,2.3410458600000004
20,2,2012-01-04,-13.392294772346137,0.5715042,1.737987094677
21,2,2012-01-04,-13.392294772346137,0.0,1.3944299355261
22,2,2012-01-04,-13.392294772346137,0.0,0.9805808842500001
23,2,2012-01-04,-13.392294772346137,0.0,0.33521024902761004
0,3,2012-01-05,-12.260282242040645,0.34862342,0.31954364475
1,3,2012-01-05,-12.260282242040645,0.0017774613,0.32786874997239
2,3,2012-01-05,-12.260282242040645,0.00013106788,0.32544666277761
3,3,2012-01-05,-12.260282242040645,0.2377874,0.33044269222239003
4,3,2012-01-05,-12.260282242040645,0.0,0.3411891945
5,3,2012-01-05,-12.260282242040645,0.5248305,0.34133966902761004
6,3,2012-01-05,-12.260282242040645,0.0006810504,0.34179523402761
7,3,2012-01-05,-12.260282242040645,0.24041036,0.33785804797239
8,3,2012-01-05,-12.260282242040645,0.0016555022,0.735653818323
9,3,2012-01-05,-12.260282242040645,0.19469558,0.08327327596769997
10,3,2012-01-05,-12.260282242040645,0.08654329,0.2672542378229999
11,3,2012-01-05,-12.260282242040645,0.08314333,0.8659235940000001
12,3,2012-01-05,-12.260282242040645,0.44456246,0.932293311
13,3,2012-01-05,-12.260282242040645,0.25545046,0.6599256601769999
14,3,2012-01-05,-12.260282242040645,0.40340075,1.208962998177
15,3,2012-01-05,-12.260282242040645,0.2615889,1.108710742677
16,3,2012-01-05,-12.260282242040645,0.0,1.541299313823
17,3,2012-01-05,-12.260282242040645,0.49117592,1.767296115
18,3,2012-01-05,-12.260282242040645,0.15180954,1.766056602177
19,3,2012-01-05,-12.260282242040645,0.00045372828,1.7060246296769999
20,3,2012-01-05,-12.260282242040645,0.4177079,1.6064162746769999
21,3,2012-01-05,-12.260282242040645,0.0011201748,1.2861994252239
22,3,2012-01-05,-12.260282242040645,0.0016802876,1.0182719857761
23,3,2012-01-05,-12.260282242040645,0.0008793022,0.39621385372239
0,4,2012-01-06,-10.01189422740079,0.26220316,0.324387129
1,4,2012-01-06,-10.01189422740079,0.00064043584,0.32423527402761
2,4,2012-01-06,-10.01189422740079,2.968735e-05,0.32665874175000004
3,4,2012-01-06,-10.01189422740079,0.28780693,0.3251450235
4,4,2012-01-06,-10.01189422740079,0.0,0.32665943197239
5,4,2012-01-06,-10.01189422740079,0.43004432,0.324387129
6,4,2012-01-06,-10.01189422740079,0.0009520503,0.32612724922239
7,4,2012-01-06,-10.01189422740079,0.19939052,0.32393432497239
8,4,2012-01-06,-10.01189422740079,0.00067992514,0.14809134285000003
9,4,2012-01-06,-10.01189422740079,0.15063271,0.18772163242238998
10,4,2012-01-06,-10.01189422740079,0.08675554,0.09378730462761002
11,4,2012-01-06,-10.01189422740079,0.10459154,0.2244866943
12,4,2012-01-06,-10.01189422740079,0.44280964,0.12458681182761
13,4,2012-01-06,-10.01189422740079,0.20114638,0.23540313607239
14,4,2012-01-06,-10.01189422740079,0.37239155,0.79764337455
15,4,2012-01-06,-10.01189422740079,0.27195963,0.8606938463739
16,4,2012-01-06,-10.01189422740079,0.0004944336,0.8922511105761001
17,4,2012-01-06,-10.01189422740079,0.4195136,0.80991035947239
18,4,2012-01-06,-10.01189422740079,0.1313777,0.78720458572239
19,4,2012-01-06,-10.01189422740079,0.0,0.78516144577761
20,4,2012-01-06,-10.01189422740079,0.3376912,0.77403530602761
21,4,2012-01-06,-10.01189422740079,0.0535065,0.75609777922239
22,4,2012-01-06,-10.01189422740079,0.0,0.36162611647239
23,4,2012-01-06,-10.01189422740079,0.0018362436,0.3224199165
0,5,2012-01-07,-7.7316760028234075,0.19863881,0.38993119822239
1,5,2012-01-07,-7.7316760028234075,0.0,0.39235397572239
2,5,2012-01-07,-7.7316760028234075,0.0016860804,0.39613792627761
3,5,2012-01-07,-7.7316760028234075,0.33732477,0.39401885872239
4,5,2012-01-07,-7.7316760028234075,0.0,0.3940181685
5,5,2012-01-07,-7.7316760028234075,0.371736,0.39356467425
6,5,2012-01-07,-7.7316760028234075,0.0,0.39470082577761
7,5,2012-01-07,-7.7316760028234075,0.20193942,0.39265768575
8,5,2012-01-07,-7.7316760028234075,0.00049931987,1.052152958823
9,5,2012-01-07,-7.7316760028234075,0.09890748,0.677970217323
10,5,2012-01-07,-7.7316760028234075,0.084604494,1.0795091205
11,5,2012-01-07,-7.7316760028234075,0.09861588,1.373364022677
12,5,2012-01-07,-7.7316760028234075,0.4487399,0.8569219066770001
13,5,2012-01-07,-7.7316760028234075,0.14183117,0.6684304123229999
14,5,2012-01-07,-7.7316760028234075,0.36446002,1.2221565794999998
15,5,2012-01-07,-7.7316760028234075,0.31615263,1.4952942616769997
16,5,2012-01-07,-7.7316760028234075,0.001320275,1.549229448
17,5,2012-01-07,-7.7316760028234075,0.37942395,1.624299977823
18,5,2012-01-07,-7.7316760028234075,0.07665379,1.546205845323
19,5,2012-01-07,-7.7316760028234075,0.0,1.515129207177
20,5,2012-01-07,-7.7316760028234075,0.26102585,1.482810634677
21,5,2012-01-07,-7.7316760028234075,0.08971386,1.1864451854739
22,5,2012-01-07,-7.7316760028234075,0.027272569,0.9275255085261
23,5,2012-01-07,-7.7316760028234075,0.0,0.35572102777761
0,6,2012-01-08,-10.216161439501265,0.2547683,0.34542801975
1,6,2012-01-08,-10.216161439501265,0.00041612392,0.33831499350000005
2,6,2012-01-08,-10.216161439501265,0.0012363298,0.35057521402761
3,6,2012-01-08,-10.216161439501265,0.3120635,0.34951568024999996
4,6,2012-01-08,-10.216161439501265,0.00029599227,0.34012966072239004
5,6,2012-01-08,-10.216161439501265,0.45001993,0.33256244999999995
6,6,2012-01-08,-10.216161439501265,0.0,0.33892034272238997
7,6,2012-01-08,-10.216161439501265,0.23216106,0.33468013702761
8,6,2012-01-08,-10.216161439501265,0.0,0.6676860585000001
9,6,2012-01-08,-10.216161439501265,0.17391148,0.04951945303229991
10,6,2012-01-08,-10.216161439501265,0.119034275,0.25660185899999993
11,6,2012-01-08,-10.216161439501265,0.079294495,0.28873228367700016
12,6,2012-01-08,-10.216161439501265,0.4728622,0.20066374967699976
13,6,2012-01-08,-10.216161439501265,0.17851314,0.13273103567699993
14,6,2012-01-08,-10.216161439501265,0.4032187,0.45924269232300013
15,6,2012-01-08,-10.216161439501265,0.29218972,0.791939797677
16,6,2012-01-08,-10.216161439501265,0.0022207294,1.195963702323
17,6,2012-01-08,-10.216161439501265,0.43524158,1.491752890323
18,6,2012-01-08,-10.216161439501265,0.1289047,1.6673308453229998
19,6,2012-01-08,-10.216161439501265,0.00060080545,1.6619302846769999
20,6,2012-01-08,-10.216161439501265,0.3176619,1.505742019677
21,6,2012-01-08,-10.216161439501265,0.05993674,1.2170225707761
22,6,2012-01-08,-10.216161439501265,0.0,0.94606976475
23,6,2012-01-08,-10.216161439501265,0.0006915835,0.35519091577761003
0,7,2012-01-09,22.07062046223263,0.22870442,0.320452704
1,7,2012-01-09,22.07062046223263,0.0,0.343007313
2,7,2012-01-09,22.07062046223263,0.0014571007,0.3614742615
3,7,2012-01-09,22.07062046223263,0.36765084,0.35617590247239
4,7,2012-01-09,22.07062046223263,0.0,0.33271292452761
5,7,2012-01-09,22.07062046223263,0.39235413,0.30485995650000003
6,7,2012-01-09,22.07062046223263,0.001031609,0.34134243000000003
7,7,2012-01-09,22.07062046223263,0.21355982,0.346941738
8,7,2012-01-09,22.07062046223263,0.0,-0.04072640662760998
9,7,2012-01-09,22.07062046223263,0.12692507,-0.13940661734999996
10,7,2012-01-09,22.07062046223263,0.06628302,-0.61690182622761
11,7,2012-01-09,22.07062046223263,0.08849356,-0.5047148034776101
12,7,2012-01-09,22.07062046223263,0.46638215,-0.5721324873000002
13,7,2012-01-09,22.07062046223263,0.12626897,0.5812153492760999
14,7,2012-01-09,22.07062046223263,0.3994559,0.3586181447738999
15,7,2012-01-09,22.07062046223263,0.30122292,0.5385584509239
16,7,2012-01-09,22.07062046223263,5.00546e-05,0.7739022258000001
17,7,2012-01-09,22.07062046223263,0.38724065,1.02432754875
18,7,2012-01-09,22.07062046223263,0.15509363,0.33657280252761
19,7,2012-01-09,22.07062046223263,0.0,0.228569385
20,7,2012-01-09,22.07062046223263,0.24892232,0.24219353947238997
21,7,2012-01-09,22.07062046223263,0.07707015,0.27549603127761
22,7,2012-01-09,22.07062046223263,0.0025483102,0.33710222422239
23,7,2012-01-09,22.07062046223263,0.00044415312,0.32136107302761
0,8,2012-01-10,-157.99520769578757,0.22896868,0.31992190177761
1,8,2012-01-10,-157.99520769578757,8.6941065e-05,0.33407616824999997
2,8,2012-01-10,-157.99520769578757,0.0,0.36283543447239
3,8,2012-01-10,-157.99520769578757,0.358236,0.3554193885
4,8,2012-01-10,-157.99520769578757,0.0,0.33135106125
5,8,2012-01-10,-157.99520769578757,0.4255041,0.31591085902761
6,8,2012-01-10,-157.99520769578757,0.0006856245,0.35511567847239006
7,8,2012-01-10,-157.99520769578757,0.22634597,0.36162542625
8,8,2012-01-10,-157.99520769578757,7.5912954e-05,0.010571790000000062
9,8,2012-01-10,-157.99520769578757,0.16090994,-0.27350396446770014
10,8,2012-01-10,-157.99520769578757,0.086985484,-0.044425581177000226
11,8,2012-01-10,-157.99520769578757,0.080463246,-0.10516169399999999
12,8,2012-01-10,-157.99520769578757,0.47499385,-0.20233462903229976
13,8,2012-01-10,-157.99520769578757,0.14681831,0.13015494917699985
14,8,2012-01-10,-157.99520769578757,0.41384324,0.294183232323
15,8,2012-01-10,-157.99520769578757,0.29725468,0.700591522323
16,8,2012-01-10,-157.99520769578757,0.0,1.016678514177
17,8,2012-01-10,-157.99520769578757,0.41775653,1.2470230575
18,8,2012-01-10,-157.99520769578757,0.16139492,1.2736754025
19,8,2012-01-10,-157.99520769578757,0.0,1.106950877823
20,8,2012-01-10,-157.99520769578757,0.2734581,1.215236627823
21,8,2012-01-10,-157.99520769578757,0.057341024,1.00018260375
22,8,2012-01-10,-157.99520769578757,0.0,0.80953210252761
23,8,2012-01-10,-157.99520769578757,0.0,0.35526684322239
0,9,2012-01-11,41.83351711904265,0.21952595,0.27670672972239
1,9,2012-01-11,41.83351711904265,0.00085967145,0.27928067197239
2,9,2012-01-11,41.83351711904265,0.0,0.27700974952761004
3,9,2012-01-11,41.83351711904265,0.36870608,0.27277092427761
4,9,2012-01-11,41.83351711904265,0.0,0.2727716145
5,9,2012-01-11,41.83351711904265,0.43183833,0.26535349777761
6,9,2012-01-11,41.83351711904265,0.0,0.25914676972239004
7,9,2012-01-11,41.83351711904265,0.21156052,0.25748188672239
8,9,2012-01-11,41.83351711904265,0.0,0.1873546965
9,9,2012-01-11,41.83351711904265,0.1496322,-0.20034333403229992
10,9,2012-01-11,41.83351711904265,0.07947639,-0.23776046146769997
11,9,2012-01-11,41.83351711904265,0.073732905,-0.726296508
12,9,2012-01-11,41.83351711904265,0.46687987,-0.7509701549999999
13,9,2012-01-11,41.83351711904265,0.15773785,0.696054825177
14,9,2012-01-11,41.83351711904265,0.42169875,0.6293524185000001
15,9,2012-01-11,41.83351711904265,0.28636774,0.803534206323
16,9,2012-01-11,41.83351711904265,0.0008757201,1.081462462677
17,9,2012-01-11,41.83351711904265,0.42627564,1.397633112177
18,9,2012-01-11,41.83351711904265,0.14737622,1.433935082823
19,9,2012-01-11,41.83351711904265,0.0,1.438098552177
20,9,2012-01-11,41.83351711904265,0.2820419,1.394711577177
21,9,2012-01-11,41.83351711904265,0.0700265,1.1461808325
22,9,2012-01-11,41.83351711904265,0.0,0.8973277612761
23,9,2012-01-11,41.83351711904265,0.0,0.32998850775
0,10,2012-01-12,-11.597783414231769,0.20331502,0.30168273577761
1,10,2012-01-12,-11.597783414231769,0.0,0.300623202
2,10,2012-01-12,-11.597783414231769,0.0,0.30001716247239
3,10,2012-01-12,-11.597783414231769,0.39365873,0.29850344422239
4,10,2012-01-12,-11.597783414231769,0.0,0.29502044272239003
5,10,2012-01-12,-11.597783414231769,0.41099772,0.28639369822239
6,10,2012-01-12,-11.597783414231769,0.0,0.28503183502761
7,10,2012-01-12,-11.597783414231769,0.18755364,0.28260836722239
8,10,2012-01-12,-11.597783414231769,0.0011038524,0.6209844571769999
9,10,2012-01-12,-11.597783414231769,0.11454074,0.09754923000000004
10,10,2012-01-12,-11.597783414231769,0.050370704,-0.02075404200000007
11,10,2012-01-12,-11.597783414231769,0.07638711,0.272191938177
12,10,2012-01-12,-11.597783414231769,0.4531631,0.2095963153230001
13,10,2012-01-12,-11.597783414231769,0.14661868,0.12931014299999996
14,10,2012-01-12,-11.597783414231769,0.42407802,0.3230272935
15,10,2012-01-12,-11.597783414231769,0.28277037,1.1000851891769998
16,10,2012-01-12,-11.597783414231769,0.0,1.2832313578230001
17,10,2012-01-12,-11.597783414231769,0.40884557,1.4264980078229998
18,10,2012-01-12,-11.597783414231769,0.1424387,1.4417290725
19,10,2012-01-12,-11.597783414231769,0.0,1.417113242823
20,10,2012-01-12,-11.597783414231769,0.26551357,1.4280903974999999
21,10,2012-01-12,-11.597783414231769,0.09167323,1.16169696225
22,10,2012-01-12,-11.597783414231769,0.0010541001,0.9141291359738999
23,10,2012-01-12,-11.597783414231769,4.1735784e-05,0.33044338252761
0,11,2012-01-13,6.465380553406915,0.18184987,0.28457696025
1,11,2012-01-13,6.465380553406915,0.001377695,0.28321509697239
2,11,2012-01-13,6.465380553406915,0.0,0.28351811677761
3,11,2012-01-13,6.465380553406915,0.4355554,0.28374520897239
4,11,2012-01-13,6.465380553406915,0.00066984916,0.28200439852761
5,11,2012-01-13,6.465380553406915,0.36872292,0.28185254347238997
6,11,2012-01-13,6.465380553406915,0.00026410006,0.27927860122239
7,11,2012-01-13,6.465380553406915,0.1607115,0.28155021397239
8,11,2012-01-13,6.465380553406915,0.0,0.12416534512239
9,11,2012-01-13,6.465380553406915,0.060265586,0.058055961149999974
10,11,2012-01-13,6.465380553406915,0.0034265255,-0.4267663895276101
11,11,2012-01-13,6.465380553406915,0.08811305,-0.14581876372239003
12,11,2012-01-13,6.465380553406915,0.44449976,-0.8433434465223901
13,11,2012-01-13,6.465380553406915,0.113487236,-0.77421380467761
14,11,2012-01-13,6.465380553406915,0.4202247,-0.6156810500223899
15,11,2012-01-13,6.465380553406915,0.2799025,-0.3752994168
16,11,2012-01-13,6.465380553406915,0.0005463673,-0.019240442622390008
17,11,2012-01-13,6.465380553406915,0.36984676,0.20419803802761
18,11,2012-01-13,6.465380553406915,0.15222229,0.20874126352761
19,11,2012-01-13,6.465380553406915,0.0004403082,0.20768103952761
20,11,2012-01-13,6.465380553406915,0.21823643,0.20556197197239
21,11,2012-01-13,6.465380553406915,0.12165085,0.2051077875
22,11,2012-01-13,6.465380553406915,0.0003108451,0.27609999997239
23,11,2012-01-13,6.465380553406915,0.0,0.28185185325
0,12,2012-01-14,-6.725853533714231,0.17230411,0.34633638877761
1,12,2012-01-14,-6.725853533714231,0.0,0.34512430972239
2,12,2012-01-14,-6.725853533714231,0.0,0.34633569847239
3,12,2012-01-14,-6.725853533714231,0.4326078,0.34361059147239
4,12,2012-01-14,-6.725853533714231,0.0006767108,0.34361059147239
5,12,2012-01-14,-6.725853533714231,0.3847189,0.33059454727761
6,12,2012-01-14,-6.725853533714231,0.002689575,0.32847617002761
7,12,2012-01-14,-6.725853533714231,0.15598789,0.29853367717239004
8,12,2012-01-14,-6.725853533714231,0.0,0.7025707048230001
9,12,2012-01-14,-6.725853533714231,0.061695833,0.316332795177
10,12,2012-01-14,-6.725853533714231,0.009313341,0.3644593109999999
11,12,2012-01-14,-6.725853533714231,0.08369223,0.5783865718229999
12,12,2012-01-14,-6.725853533714231,0.44325128,0.5968376234999999
13,12,2012-01-14,-6.725853533714231,0.13002644,0.7770858358229998
14,12,2012-01-14,-6.725853533714231,0.4273736,0.727661506323
15,12,2012-01-14,-6.725853533714231,0.27841493,0.8279780385000001
16,12,2012-01-14,-6.725853533714231,0.0001362415,1.190217855
17,12,2012-01-14,-6.725853533714231,0.38202155,1.4824569496770001
18,12,2012-01-14,-6.725853533714231,0.13708363,1.5600189403229998
19,12,2012-01-14,-6.725853533714231,0.0019696478,1.4721847424999999
20,12,2012-01-14,-6.725853533714231,0.23027898,1.50335505
21,12,2012-01-14,-6.725853533714231,0.12295262,1.1889432007761
22,12,2012-01-14,-6.725853533714231,0.0015887751,0.9360777060261
23,12,2012-01-14,-6.725853533714231,0.0,0.36593948872238996
0,13,2012-01-15,-9.460180879420882,0.16341771,0.33483268222239
1,13,2012-01-15,-9.460180879420882,0.0016645361,0.34028220600000003
2,13,2012-01-15,-9.460180879420882,0.001241149,0.33596745322239
3,13,2012-01-15,-9.460180879420882,0.4383415,0.33301525402761
4,13,2012-01-15,-9.460180879420882,0.0,0.33362129347239006
5,13,2012-01-15,-9.460180879420882,0.39285237,0.3251450235
6,13,2012-01-15,-9.460180879420882,0.0,0.32196711247239
7,13,2012-01-15,-9.460180879420882,0.1521902,0.32363061502761
8,13,2012-01-15,-9.460180879420882,0.0,1.0718913270000001
9,13,2012-01-15,-9.460180879420882,0.059638012,0.7922107949999999
10,13,2012-01-15,-9.460180879420882,0.005483046,1.000317272823
11,13,2012-01-15,-9.460180879420882,0.08146833,0.5360606518229999
12,13,2012-01-15,-9.460180879420882,0.44191226,0.7560528826770001
13,13,2012-01-15,-9.460180879420882,0.13394411,0.549628105323
14,13,2012-01-15,-9.460180879420882,0.43480062,1.246172921823
15,13,2012-01-15,-9.460180879420882,0.27816767,1.528462486323
16,13,2012-01-15,-9.460180879420882,0.0,1.708351037823
17,13,2012-01-15,-9.460180879420882,0.38861576,1.8063427771770002
18,13,2012-01-15,-9.460180879420882,0.13015343,1.7098319925
19,13,2012-01-15,-9.460180879420882,0.001394648,1.720899587823
20,13,2012-01-15,-9.460180879420882,0.23532929,1.679905234677
21,13,2012-01-15,-9.460180879420882,0.12579718,1.3184410027239
22,13,2012-01-15,-9.460180879420882,0.0014403131,0.9708925349739
23,13,2012-01-15,-9.460180879420882,0.0009846962,0.35352603277761
0,14,2012-01-16,34.048611518850855,0.15453783,0.34103871997239005
1,14,2012-01-16,34.048611518850855,0.0,0.33392569372239
2,14,2012-01-16,34.048611518850855,0.0,0.33892034272238997
3,14,2012-01-16,34.048611518850855,0.46158546,0.33831568372238996
4,14,2012-01-16,34.048611518850855,0.00041388802,0.33619523572239
5,14,2012-01-16,34.048611518850855,0.36924502,0.32862526402761
6,14,2012-01-16,34.048611518850855,0.0,0.3257496825
7,14,2012-01-16,34.048611518850855,0.13966632,0.32741456550000003
8,14,2012-01-16,34.048611518850855,0.0,0.32379972622239
9,14,2012-01-16,34.048611518850855,0.027918216,-0.15402721672238995
10,14,2012-01-16,34.048611518850855,0.0013880144,-0.58148427037239
11,14,2012-01-16,34.048611518850855,0.08678198,-0.44083644547239
12,14,2012-01-16,34.048611518850855,0.43786436,-0.5817128811723901
13,14,2012-01-16,34.048611518850855,0.11583768,0.898746915
14,14,2012-01-16,34.048611518850855,0.43950063,0.6430490484000001
15,14,2012-01-16,34.048611518850855,0.27427837,0.7791579276261
16,14,2012-01-16,34.048611518850855,0.0015119823,1.2786308339739
17,14,2012-01-16,34.048611518850855,0.3688567,1.3030014907239
18,14,2012-01-16,34.048611518850855,0.14085971,0.36359263875
19,14,2012-01-16,34.048611518850855,0.0010946671,0.26050932322239
20,14,2012-01-16,34.048611518850855,0.210912,0.25884375
21,14,2012-01-16,34.048611518850855,0.14129874,0.259903974
22,14,2012-01-16,34.048611518850855,0.0,0.33014036272239
23,14,2012-01-16,34.048611518850855,0.0010304624,0.33710429497239003
0,15,2012-01-17,-11.49568049366471,0.150677,0.30198437497239
1,15,2012-01-17,-11.49568049366471,0.00080118084,0.30478609972239
2,15,2012-01-17,-11.49568049366471,0.0011128129,0.29729274577761
3,15,2012-01-17,-11.49568049366471,0.45578605,0.29759507527761003
4,15,2012-01-17,-11.49568049366471,0.0,0.30334761877761
5,15,2012-01-17,-11.49568049366471,0.39080626,0.29138903752761003
6,15,2012-01-17,-11.49568049366471,0.0013211278,0.29063183325
7,15,2012-01-17,-11.49568049366471,0.14466678,0.21186947647239
8,15,2012-01-17,-11.49568049366471,0.0004617874,0.46449063450000005
9,15,2012-01-17,-11.49568049366471,0.04009399,0.06260192203229985
10,15,2012-01-17,-11.49568049366471,0.0,0.10684775399999985
11,15,2012-01-17,-11.49568049366471,0.07870782,0.278351064
12,15,2012-01-17,-11.49568049366471,0.4425102,0.1736859824999998
13,15,2012-01-17,-11.49568049366471,0.13408063,0.2884679085
14,15,2012-01-17,-11.49568049366471,0.45397535,0.5589169393230001
15,15,2012-01-17,-11.49568049366471,0.27299467,0.955538974677
16,15,2012-01-17,-11.49568049366471,3.4468143e-05,1.4178112454999998
17,15,2012-01-17,-11.49568049366471,0.3903564,1.6741485675
18,15,2012-01-17,-11.49568049366471,0.12794402,1.6782232125
19,15,2012-01-17,-11.49568049366471,0.0,1.6188114
20,15,2012-01-17,-11.49568049366471,0.229398,1.544258155323
21,15,2012-01-17,-11.49568049366471,0.13500851,1.2446463757761
22,15,2012-01-17,-11.49568049366471,0.0,0.9574968532239
23,15,2012-01-17,-11.49568049366471,0.0,0.35738591077761
0,16,2012-01-18,-9.890182069484004,0.14269432,0.27867256177761
1,16,2012-01-18,-9.890182069484004,0.0,0.2804913705
2,16,2012-01-18,-9.890182069484004,0.0,0.278598705
3,16,2012-01-18,-9.890182069484004,0.46715203,0.27564719602761
4,16,2012-01-18,-9.890182069484004,0.0,0.27019767224999997
5,16,2012-01-18,-9.890182069484004,0.38122365,0.26444581897239
6,16,2012-01-18,-9.890182069484004,0.0,0.26172071197239
7,16,2012-01-18,-9.890182069484004,0.13986662,0.23060134297761004
8,16,2012-01-18,-9.890182069484004,0.0,0.78322332
9,16,2012-01-18,-9.890182069484004,0.025647804,0.3129932985000001
10,16,2012-01-18,-9.890182069484004,0.0017424981,0.19063137
11,16,2012-01-18,-9.890182069484004,0.08020274,0.031209713823000106
12,16,2012-01-18,-9.890182069484004,0.44216922,0.30739280117699996
13,16,2012-01-18,-9.890182069484004,0.12527566,0.31399944317699996
14,16,2012-01-18,-9.890182069484004,0.4601759,0.5228525355000001
15,16,2012-01-18,-9.890182069484004,0.27652147,0.929187827823
16,16,2012-01-18,-9.890182069484004,6.767446e-05,1.1527752105
17,16,2012-01-18,-9.890182069484004,0.38181233,1.573123857177
18,16,2012-01-18,-9.890182069484004,0.13062902,1.5600197475
19,16,2012-01-18,-9.890182069484004,0.0,1.5199096078229999
20,16,2012-01-18,-9.890182069484004,0.21849175,1.484406255
21,16,2012-01-18,-9.890182069484004,0.14642508,1.1949980737761001
22,16,2012-01-18,-9.890182069484004,0.0,0.9280542397500001
23,16,2012-01-18,-9.890182069484004,0.0,0.31606202377761
0,17,2012-01-19,-12.990334943525102,0.14118327,0.27050000175
1,17,2012-01-19,-12.990334943525102,0.0001108072,0.269744178
2,17,2012-01-19,-12.990334943525102,0.0,0.27004650750000003
3,17,2012-01-19,-12.990334943525102,0.47111312,0.27019698202761
4,17,2012-01-19,-12.990334943525102,0.0007409392,0.26762442022239
5,17,2012-01-19,-12.990334943525102,0.3846908,0.25793745172239
6,17,2012-01-19,-12.990334943525102,0.00051174156,0.25861803825
7,17,2012-01-19,-12.990334943525102,0.14005102,0.18235190160000003
8,17,2012-01-19,-12.990334943525102,0.0,0.5989818586769999
9,17,2012-01-19,-12.990334943525102,0.01643609,0.07768392253229983
10,17,2012-01-19,-12.990334943525102,0.0002565235,0.18431122932299995
11,17,2012-01-19,-12.990334943525102,0.078140914,-0.0003793634999999249
12,17,2012-01-19,-12.990334943525102,0.4473228,0.12343703399999992
13,17,2012-01-19,-12.990334943525102,0.12565587,0.35561314817700007
14,17,2012-01-19,-12.990334943525102,0.46631995,0.340619326677
15,17,2012-01-19,-12.990334943525102,0.27885714,0.7862682406770002
16,17,2012-01-19,-12.990334943525102,0.00040467517,1.3885629494999998
17,17,2012-01-19,-12.990334943525102,0.3808744,1.644577917177
18,17,2012-01-19,-12.990334943525102,0.12696533,1.6480299796770002
19,17,2012-01-19,-12.990334943525102,0.0,1.621998602823
20,17,2012-01-19,-12.990334943525102,0.22042602,1.553112392823
21,17,2012-01-19,-12.990334943525102,0.14826064,1.25319926325
22,17,2012-01-19,-12.990334943525102,0.0,0.9422078159999999
23,17,2012-01-19,-12.990334943525102,0.0,0.33664942027760997
0,18,2012-01-20,6.154985675527286,0.13580324,0.27746255347239
1,18,2012-01-20,6.154985675527286,0.0,0.2761013805
2,18,2012-01-20,6.154985675527286,0.00097151566,0.27973416622239
3,18,2012-01-20,6.154985675527286,0.48216808,0.27746324377761
4,18,2012-01-20,6.154985675527286,0.0,0.2777662635
5,18,2012-01-20,6.154985675527286,0.37401894,0.28064184502761
6,18,2012-01-20,6.154985675527286,0.00047005116,0.27731276925
7,18,2012-01-20,6.154985675527286,0.13687435,0.18044915842239
8,18,2012-01-20,6.154985675527286,0.0010602988,-0.1595405196
9,18,2012-01-20,6.154985675527286,0.0041792826,-0.47668319872238996
10,18,2012-01-20,6.154985675527286,0.00017620335,-0.6766886582223901
11,18,2012-01-20,6.154985675527286,0.07688679,-0.8067766245
12,18,2012-01-20,6.154985675527286,0.44829416,-0.89687385262761
13,18,2012-01-20,6.154985675527286,0.12052036,-0.8381563558500001
14,18,2012-01-20,6.154985675527286,0.46908918,-0.7091102529776099
15,18,2012-01-20,6.154985675527286,0.28173155,-0.46925845559999996
16,18,2012-01-20,6.154985675527286,0.0,-0.14228399347238996
17,18,2012-01-20,6.154985675527286,0.37306494,0.19890174975
18,18,2012-01-20,6.154985675527286,0.12899244,0.20041408747238998
19,18,2012-01-20,6.154985675527286,0.001471112,0.20086896225
20,18,2012-01-20,6.154985675527286,0.21009338,0.19920407925
21,18,2012-01-20,6.154985675527286,0.15722409,0.19844756527761
22,18,2012-01-20,6.154985675527286,0.0,0.27004512697239
23,18,2012-01-20,6.154985675527286,0.0,0.27610207072239
0,19,2012-01-21,-14.415756927578062,0.1336811,0.26944046797239
1,19,2012-01-21,-14.415756927578062,0.0009386951,0.26747256525
2,19,2012-01-21,-14.415756927578062,0.0006544811,0.26504978775
3,19,2012-01-21,-14.415756927578062,0.48854598,0.26777558497239
4,19,2012-01-21,-14.415756927578062,0.00024947905,0.27004719772239
5,19,2012-01-21,-14.415756927578062,0.36834303,0.25475816025
6,19,2012-01-21,-14.415756927578062,0.0011978296,0.25717955722239
7,19,2012-01-21,-14.415756927578062,0.13336769,0.15023401687239
8,19,2012-01-21,-14.415756927578062,0.0,0.5769569731769999
9,19,2012-01-21,-14.415756927578062,0.00066034094,0.0778027861769999
10,19,2012-01-21,-14.415756927578062,0.0,0.16311047832299994
11,19,2012-01-21,-14.415756927578062,0.07514278,0.09748156182299998
12,19,2012-01-21,-14.415756927578062,0.4484273,0.1279619413230002
13,19,2012-01-21,-14.415756927578062,0.11538644,-0.03565823100000024
14,19,2012-01-21,-14.415756927578062,0.4711106,0.118973497323
15,19,2012-01-21,-14.415756927578062,0.281279,0.500812953177
16,19,2012-01-21,-14.415756927578062,0.0,0.9459329550000001
17,19,2012-01-21,-14.415756927578062,0.36866906,1.373195740323
18,19,2012-01-21,-14.415756927578062,0.13060135,1.4084358478230001
19,19,2012-01-21,-14.415756927578062,0.0,1.3826693296769998
20,19,2012-01-21,-14.415756927578062,0.20396206,1.356992445
21,19,2012-01-21,-14.415756927578062,0.16113342,1.1336921392500001
22,19,2012-01-21,-14.415756927578062,0.0007978052,0.853505169
23,19,2012-01-21,-14.415756927578062,0.0,0.36662007525
0,20,2012-01-22,-10.594944051434561,0.12449206,0.30470948197239
1,20,2012-01-22,-10.594944051434561,0.0,0.3059201805
2,20,2012-01-22,-10.594944051434561,0.00077013776,0.30955365652761
3,20,2012-01-22,-10.594944051434561,0.49597952,0.30516435675000003
4,20,2012-01-22,-10.594944051434561,0.0,0.3059201805
5,20,2012-01-22,-10.594944051434561,0.35809448,0.29517367822239
6,20,2012-01-22,-10.594944051434561,0.0,0.29426461897239004
7,20,2012-01-22,-10.594944051434561,0.13233079,0.29071811452761
8,20,2012-01-22,-10.594944051434561,0.0010061173,1.081354258323
9,20,2012-01-22,-10.594944051434561,0.0,0.9426735619677001
10,20,2012-01-22,-10.594944051434561,0.00045829272,1.1323952025
11,20,2012-01-22,-10.594944051434561,0.0740845,1.2978238515
12,20,2012-01-22,-10.594944051434561,0.45317668,0.9619240393229999
13,20,2012-01-22,-10.594944051434561,0.11389117,1.085411945823
14,20,2012-01-22,-10.594944051434561,0.47210678,1.299565467177
15,20,2012-01-22,-10.594944051434561,0.28838763,1.743903163323
16,20,2012-01-22,-10.594944051434561,0.0,1.412150185677
17,20,2012-01-22,-10.594944051434561,0.35968813,1.8631801184999999
18,20,2012-01-22,-10.594944051434561,0.12409873,1.77862857
19,20,2012-01-22,-10.594944051434561,0.0,1.6923899925
20,20,2012-01-22,-10.594944051434561,0.1929665,1.67609868
21,20,2012-01-22,-10.594944051434561,0.17013635,1.3449307275261
22,20,2012-01-22,-10.594944051434561,0.0004391016,0.8550961949739
23,20,2012-01-22,-10.594944051434561,0.00059634127,0.30811655602761
0,21,2012-01-23,21.631633136696223,0.12453865,0.27398162272239
1,21,2012-01-23,21.631633136696223,0.0024196056,0.27398231302761
2,21,2012-01-23,21.631633136696223,0.0004098819,0.27186255525
3,21,2012-01-23,21.631633136696223,0.5012637,0.27292139872238996
4,21,2012-01-23,21.631633136696223,0.0005169792,0.27731276925
5,21,2012-01-23,21.631633136696223,0.3634768,0.26005513875
6,21,2012-01-23,21.631633136696223,0.0,0.2602063035
7,21,2012-01-23,21.631633136696223,0.13262306,0.18201078007760998
8,21,2012-01-23,21.631633136696223,0.0,-0.16086124394999998
9,21,2012-01-23,21.631633136696223,0.0004473261,-0.4985819322000001
10,21,2012-01-23,21.631633136696223,0.0,-0.29609681857239
11,21,2012-01-23,21.631633136696223,0.073790714,-0.3876236925
12,21,2012-01-23,21.631633136696223,0.46047685,-0.15687366967239
13,21,2012-01-23,21.631633136696223,0.11475515,1.1895107237739002
14,21,2012-01-23,21.631633136696223,0.47991705,0.2691838330500001
15,21,2012-01-23,21.631633136696223,0.28850782,0.24462032072609993
16,21,2012-01-23,21.631633136696223,0.00051413936,0.9453347868261001
17,21,2012-01-23,21.631633136696223,0.36512277,0.9721812322761001
18,21,2012-01-23,21.631633136696223,0.12342135,0.2657310645
19,21,2012-01-23,21.631633136696223,0.0,0.18679062322238998
20,21,2012-01-23,21.631633136696223,0.19534317,0.1886080515
21,21,2012-01-23,21.631633136696223,0.16914822,0.18119131522239
22,21,2012-01-23,21.631633136696223,0.00050896325,0.25400026575
23,21,2012-01-23,21.631633136696223,0.00018935824,0.26255246325
